wheel_distance: 0.2045335
wheel_diameter: 0.206375
caunts_per_revolution: 4500 